  00 24.1  -72 05  305.9 -44.9      15  
  00 52.8  -26 35  152.3 -89.4      29  
  01 03.2  -70 51  301.5 -46.3      28  
  03 12.3  -55 13  270.5 -52.1      53  
  03 33.4  +79 35  130.1 +19.0      36  
  03 55.0  -49 37  258.4 -48.5     398  
  04 24.7  -21 11  218.1 -41.3     294  
  04 46.1  +31 23  170.5  -9.1      90  
  05 14.1  -40 03  244.5 -35.0      39  
  05 24.2  -24 31  227.2 -29.4      42  
  06 49.0  -36 00  245.6 -16.0      35  
  07 38.1  +38 53  180.4 +25.2     275  
  09 08.0  -37 13  261.3  +7.0     129  
  09 12.0  -64 52  282.2 -11.3      31  
  09 21.0  -77 17  292.3 -19.0      14  
  10 05.5  +00 04  240.1 +41.9     302  
  10 17.6  -46 25  277.2  +8.6      16  
  10 49.4  +51 03  158.6 +56.8     147  
  11 29.3  +28 58  202.3 +71.8     356  
  12 10.1  +18 33  252.9 +77.2      63  
  12 25.8  -72 40  301.0  -9.9      19  
  12 38.7  -51 09  300.9 +11.7      69  
  12 39.5  -26 45  299.6 +36.1      33  
  12 59.6  -70 52  303.6  -8.0      21  
  13 12.9  +18 10  333.0 +79.8      58  
  13 16.5  +17 42  335.7 +78.9      53  
  13 26.8  -47 29  309.1 +15.0      17  
  13 42.2  +28 23   42.2 +78.7      34  
  13 46.4  -51 22  311.6 +10.6      36  
  13 56.4  -27 10  320.3 +33.5      98  
  14 05.5  +28 32   42.2 +73.6      52  
  14 29.6  -05 59  342.2 +49.3      82  
  14 39.6  -26 32  331.1 +30.4     113  
  15 00.3  -82 13  307.4 -20.5      62  
  15 04.0  -33 04  332.6 +22.1     104  
  15 16.1  -00 07    0.9 +45.9      76  
  15 17.5  -21 01  343.0 +30.3      40  
  15 18.6  +02 05    3.9 +46.8      24  
  15 28.0  -50 40  326.6  +4.9      25  
  15 35.5  -50 40  327.6  +4.2      35  
  15 39.1  -50 03  328.4  +4.3      51  
  15 46.1  -37 47  337.0 +13.3      34  
  16 11.1  -55 19  328.8  -2.8      23  
  16 11.1  +14 57   28.8 +42.2     241  
  16 17.0  -22 59  352.7 +19.5      33  
  16 23.6  -26 32  351.0 +16.0       7  
  16 25.8  -72 12  317.8 -15.8      50  
  16 27.2  -26 01  351.9 +15.7      28  
  16 27.7  -38 51  342.4  +6.9      33  
  16 28.7  -35 21  345.1  +9.2      24  
  16 32.5  -13 03    3.4 +23.0      21  
  16 39.4  -28 24  351.9 +12.1      25  
  16 41.7  +36 28   59.0 +40.9      25  
  16 47.0  +47 32   73.6 +40.3      99  
  16 47.2  -01 57   15.7 +26.3      16  
  16 53.4  -22 11  358.9 +13.5      37  
  16 57.1  -04 06   15.1 +23.1      14  
  16 59.5  -37 07  347.8  +3.3      27  
  17 00.0  +00 33   18.9 +24.3     145  
  17 01.2  -30 07  353.6  +7.3      23  
  17 02.6  -26 16  356.9  +9.4      28  
  17 04.5  -24 46  358.4  +9.9      50  
  17 05.2  -22 42    0.1 +11.0      30  
  17 10.2  -26 35  357.6  +7.8      29  
  17 14.5  -29 28  355.8  +5.4      20  
  17 16.6  -28 08  357.2  +5.8      36  
  17 17.1  +43 08   68.3 +34.9      27  
  17 18.0  -23 46    1.0  +8.0      26  
  17 19.2  -18 31    5.5 +10.7      26  
  17 21.2  -19 35    4.9  +9.7      28  
  17 23.6  -17 49    6.7 +10.2      50  
  17 24.0  -26 21  359.6  +5.4      31  
  17 25.5  -48 25  341.4  -7.2      19  
  17 27.1  -07 06   16.5 +15.2      82  
  17 27.6  -30 48  356.3  +2.3      28  
  17 27.7  -05 05   18.4 +16.0      12  
  17 30.6  -31 36  356.0  +1.3      30  
  17 31.1  -29 59  357.4  +2.1      46  
  17 31.9  -67 03  325.6 -17.6      25  
  17 33.4  -33 23  354.8  -0.2      31  
  17 34.5  -39 04  350.2  -3.4      35  
  17 35.8  -30 29  357.6  +1.0      18  
  17 36.2  -38 33  350.8  -3.4      26  
  17 36.3  -44 44  345.6  -6.7      33  
  17 37.6  -03 15   21.3 +14.8      30  
  17 38.6  -23 55    3.5  +4.0      34  
  17 40.7  -53 40  338.2 -12.0       8  
  17 43.7  -26 13    2.1  +1.8      19  
  17 44.9  +03 10   28.1 +16.2      68  
  17 47.5  -33 04  356.7  -2.5      39  
  17 48.1  -24 47    3.8  +1.7      34  
  17 48.9  -20 22    7.7  +3.8      27  
  17 50.2  -37 03  353.5  -5.0      38  
  17 50.8  -31 17  358.6  -2.2      31  
  17 50.9  -34 36  355.7  -3.9      31  
  17 54.5  -24 09    5.1  +0.8      27  
  17 59.0  -44 16  348.0 -10.0      38  
  18 01.6  -26 50    3.6  -2.0      21  
  18 01.8  -27 50    2.8  -2.5      22  
  18 01.8  -08 58   19.2  +6.8      35  
  18 03.0  -26 04    4.4  -1.9      19  
  18 03.6  -30 02    1.0  -3.9      25  
  18 03.8  +00 18   27.2 +10.4      22  
  18 04.8  -30 03    1.1  -4.2      26  
  18 04.8  -07 35   20.8  +6.8      27  
  18 06.1  -27 46    3.3  -3.3      12  
  18 07.3  -25 00    5.8  -2.2       9  
  18 08.0  -43 30  349.5 -11.1      23  
  18 08.4  -19 50   10.5  +0.1      12  
  18 09.1  -46 25  346.9 -12.6      71  
  18 09.3  -25 55    5.3  -3.0      20  
  18 09.6  -20 47    9.8  -0.6      13  
  18 10.3  -31 46    0.2  -6.0      24  
  18 10.7  -07 12   21.8  +5.7      18  
  18 12.3  -22 45    8.4  -2.1      16  
  18 13.6  -31 50    0.5  -6.7      35  
  18 18.6  -52 13  342.1 -16.4      44  
  18 23.7  -30 22    2.8  -7.9      26  
  18 24.5  -24 52    7.8  -5.6      18  
  18 30.9  -25 30    7.9  -7.2      31  
  18 31.4  -32 21    1.7 -10.3      30  
  18 31.9  -23 29    9.8  -6.4      27  
  18 35.8  -32 59    1.5 -11.4      33  
  18 36.4  -23 54    9.9  -7.6      10  
  18 41.5  -19 50   14.1  -6.8      42  
  18 43.2  -32 18    2.9 -12.5      29  
  18 53.1  -08 42   25.4  -4.3      23  
  18 55.1  -30 29    5.6 -14.1      87  
  18 55.1  -22 42   12.9 -10.9      23  
  18 59.6  -36 38    0.1 -17.3      28  
  19 05.3  +01 54   36.2  -2.2      26  
  19 10.9  -59 59  336.5 -25.6      13  
  19 11.2  +01 02   36.1  -3.9      24  
  19 16.6  +30 11   62.7  +8.3      33  
  19 17.7  -34 39    3.4 -20.1      76  
  19 18.0  +18 34   52.4  +2.7      19  
  19 28.7  -30 21    8.6 -20.8      93  
  19 40.0  -30 58    8.8 -23.3      17  
  19 41.8  -34 00    5.8 -24.6      85  
  19 45.2  -08 00   31.8 -15.6      42  
  19 53.8  +18 47   56.7  -4.6      13  
  20 06.1  -21 55   20.3 -25.8      68  
  20 34.2  +07 24   52.1 -18.9      51  
  20 53.5  -12 32   35.2 -32.7      55  
  21 01.5  +16 11   63.8 -19.4     135  
  21 30.0  +12 10   65.0 -27.3      34  
  21 33.5  +00 49   53.4 -35.8      38  
  21 40.4  -23 11   27.2 -46.8      26  
  21 46.6  -21 15   30.5 -47.7      62  
  23 06.7  +12 46   87.1 -42.7      84  
  23 08.4  -15 37   53.4 -63.5      84  
