       12   14   16   18   20   22    0    2    4    6    8   10  
__________________________________________________________________
 75 |  0 |  0 |  0 |  0 |  0 |  0 |  0 |  1 |  0 |  0 |  0 |  0 |
__________________________________________________________________
 60 |  0 |  0 |  0 |  0 |  0 |  0 |  0 |  0 |  0 |  0 |  0 |  0 |
__________________________________________________________________
 45 |  0 |  0 |  1 |  0 |  0 |  0 |  0 |  0 |  0 |  0 |  0 |  1 |
__________________________________________________________________
 30 |  0 |  0 |  2 |  1 |  0 |  0 |  0 |  0 |  1 |  1 |  0 |  0 |
__________________________________________________________________
 15 |  4 |  1 |  0 |  2 |  1 |  0 |  0 |  0 |  0 |  0 |  0 |  1 |
__________________________________________________________________
  0 |  0 |  2 |  3 |  3 |  3 |  1 |  0 |  0 |  0 |  0 |  0 |  1 |
__________________________________________________________________
-15 |  0 |  1 |  6 |  5 |  1 |  1 |  0 |  0 |  0 |  0 |  0 |  0 |
__________________________________________________________________
-30 |  2 |  2 | 25 | 21 |  3 |  0 |  1 |  0 |  2 |  0 |  0 |  0 |
__________________________________________________________________
-45 |  0 |  2 | 13 |  9 |  0 |  0 |  0 |  0 |  1 |  1 |  1 |  0 |
__________________________________________________________________
-60 |  3 |  3 |  3 |  3 |  0 |  0 |  0 |  2 |  0 |  0 |  0 |  1 |
__________________________________________________________________
-75 |  2 |  0 |  2 |  0 |  0 |  0 |  2 |  0 |  0 |  0 |  1 |  0 |
__________________________________________________________________
-90 |  0 |  1 |  0 |  0 |  0 |  0 |  0 |  0 |  0 |  0 |  1 |  0 |
__________________________________________________________________

Total number of globular_clusters 151
Appriximate center (mean): 
	RAH: 16.063620309050773
	DEC_DEG: -21.906181015452535

Total number of gcs in range: 34
Appriximate center (mean): 
	RAH: 17.85220588235294
	DEC_DEG: -28.926470588235297

Distance to center (simple mean of D): 27.382353 kly

Distance to center (D * cos(glat) * cos(glon)): 27.175321 kly

